196 496 896 95
100 20
79 168
126 168
83 77
188 187
185 35
132 58
166 86
110 75
150 186
58 44
64 165
104 63
189 108
96 87
66 94
79 124
137 171
103 156
147 45
11 118
22 127
111 140
160 96
95 153
84 50
107 106
48 139
98 143
121 52
146 167
141 18
109 41
112 52
54 126
181 40
82 165
11 140
154 184
41 102
177 81
127 66
115 21
145 3
186 25
164 179
171 150
22 93
180 28
188 77
140 116
26 87
78 137
141 106
12 54
164 68
33 71
45 189
92 132
125 108
52 165
32 27
176 71
171 111
115 57
140 52
153 157
78 192
188 30
41 81
45 28
19 129
65 26
165 53
74 79
119 153
111 2
164 186
54 39
43 157
77 103
17 18
66 88
6 80
172 82
164 184
142 57
22 76
144 39
14 56
13 99
10 85
74 174
158 182
78 23
125 101
28 84
135 71
182 86
67 71
14 94
116 116
28 45
105 47
108 108
66 37
11 138
100 163
153 186
16 115
74 4
56 32
176 94
174 151
77 96
93 78
84 38
26 42
196 131
163 84
191 160
118 146
107 43
132 188
190 105
141 18
28 141
190 119
123 59
135 123
27 122
87 21
41 140
166 82
133 9
196 69
151 108
131 58
92 36
186 186
5 8
20 130
68 151
65 176
101 173
149 18
15 90
45 146
155 166
65 127
87 90
66 68
150 61
11 166
35 123
51 34
41 177
57 101
15 186
139 176
40 169
126 8
149 65
181 136
41 157
106 190
132 175
118 54
117 9
147 2
60 19
148 135
50 109
23 100
13 22
51 37
102 23
33 129
2 144
38 179
126 50
162 148
63 116
69 178
95 161
179 118
106 118
86 41
190 169
103 41
89 151
81 130
65 98
153 138
162 78
32 124
28 138
36 181
126 113
75 114
29 46
129 156
91 159
124 40
83 54
85 5
88 76
76 113
195 131
32 67
79 57
11 182
31 120
161 161
46 52
165 93
54 6
130 148
148 60
14 62
31 175
103 58
4 121
74 96
118 33
49 51
191 174
170 44
73 38
183 162
80 119
69 180
157 20
165 14
110 68
132 32
32 32
62 117
62 85
119 70
168 101
53 48
194 90
88 78
113 83
121 160
10 184
191 191
138 97
120 83
64 181
137 88
62 66
138 76
116 64
95 56
146 121
40 86
99 150
157 173
43 15
122 133
50 80
30 117
157 87
137 61
179 128
105 114
152 99
21 187
71 21
178 14
59 6
179 155
189 91
135 146
136 14
117 90
93 105
155 164
155 43
168 90
169 173
173 147
181 140
137 140
1 88
102 118
157 40
64 133
2 195
86 26
183 102
112 166
68 55
25 163
135 12
195 32
38 39
178 20
161 143
18 6
125 195
20 59
49 44
129 26
85 15
154 179
42 58
3 63
81 154
115 62
159 34
92 69
64 30
44 54
84 98
187 138
184 85
131 194
145 136
24 192
53 107
152 107
8 157
152 43
139 188
148 58
53 122
195 83
25 47
8 13
101 88
104 98
172 141
180 55
49 25
42 28
53 151
67 117
118 164
114 44
193 41
182 182
71 38
125 100
45 29
155 55
170 36
14 174
128 159
32 59
125 46
20 169
175 77
126 186
53 148
57 47
84 96
98 74
2 187
141 109
140 155
135 64
101 177
6 144
64 96
177 161
14 51
62 44
109 94
60 151
178 175
184 179
89 174
96 91
186 90
30 193
108 28
178 185
63 121
79 82
41 135
161 28
150 144
122 140
37 98
50 192
140 169
44 24
11 158
190 84
172 119
159 46
187 3
98 8
68 43
153 63
15 26
89 7
12 2
137 115
134 132
44 133
153 55
92 150
50 120
89 123
103 93
106 146
154 176
27 40
151 76
189 169
32 89
112 156
115 80
121 129
169 123
42 38
117 32
133 46
4 46
191 178
104 182
194 14
194 195
108 66
60 43
166 157
108 132
115 171
34 21
135 13
127 126
72 10
123 19
155 7
159 120
38 158
194 54
82 191
83 173
166 159
29 83
39 70
133 151
167 196
87 146
174 183
13 56
131 42
85 195
177 26
192 151
3 195
151 164
36 176
168 51
38 112
128 123
71 2
131 168
150 132
94 185
158 65
47 157
132 101
17 112
86 23
115 150
186 134
169 152
126 55
78 149
51 193
13 33
19 20
102 138
191 152
103 58
85 28
191 108
3 184
78 145
63 85
107 129
150 40
54 196
10 139
56 81
91 166
68 151
65 153
138 54
99 58
