1000
2 1
3 2
4 3
5 1
6 3
7 6
8 7
9 7
10 9
11 9
12 11
13 9
14 10
15 9
16 3
17 9
18 2
19 12
20 9
21 7
22 17
23 21
24 1
25 2
26 1
27 12
28 27
29 20
30 8
31 14
32 6
33 22
34 10
35 8
36 14
37 34
38 29
39 29
40 25
41 38
42 34
43 42
44 35
45 23
46 3
47 8
48 22
49 25
50 23
51 16
52 44
53 30
54 3
55 24
56 43
57 47
58 51
59 47
60 6
61 30
62 30
63 6
64 16
65 7
66 36
67 66
68 53
69 29
70 24
71 49
72 22
73 12
74 25
75 4
76 55
77 6
78 1
79 43
80 40
81 40
82 34
83 4
84 32
85 25
86 59
87 32
88 23
89 69
90 69
91 13
92 74
93 69
94 44
95 54
96 79
97 75
98 17
99 89
100 84
101 61
102 23
103 30
104 52
105 94
106 43
107 87
108 103
109 8
110 98
111 53
112 32
113 89
114 85
115 44
116 65
117 41
118 46
119 59
120 50
121 76
122 109
123 12
124 55
125 55
126 119
127 26
128 112
129 55
130 6
131 49
132 9
133 108
134 65
135 76
136 55
137 128
138 57
139 103
140 21
141 127
142 19
143 129
144 82
145 119
146 74
147 40
148 17
149 39
150 92
151 94
152 139
153 145
154 44
155 137
156 117
157 113
158 154
159 98
160 34
161 37
162 97
163 139
164 13
165 20
166 153
167 150
168 157
169 121
170 116
171 169
172 48
173 87
174 86
175 171
176 165
177 6
178 94
179 94
180 35
181 119
182 13
183 18
184 129
185 70
186 106
187 162
188 46
189 174
190 34
191 154
192 49
193 114
194 99
195 135
196 54
197 63
198 75
199 144
200 145
201 157
202 68
203 133
204 145
205 176
206 47
207 134
208 44
209 119
210 49
211 192
212 147
213 91
214 208
215 168
216 111
217 66
218 122
219 81
220 199
221 14
222 158
223 159
224 216
225 88
226 75
227 33
228 101
229 102
230 29
231 103
232 169
233 73
234 129
235 219
236 121
237 108
238 9
239 98
240 32
241 153
242 225
243 197
244 242
245 82
246 208
247 117
248 160
249 150
250 66
251 85
252 101
253 49
254 233
255 200
256 183
257 175
258 116
259 19
260 107
261 222
262 199
263 59
264 194
265 103
266 149
267 192
268 104
269 225
270 258
271 15
272 172
273 129
274 240
275 40
276 138
277 122
278 49
279 218
280 230
281 252
282 190
283 226
284 205
285 256
286 238
287 183
288 10
289 260
290 139
291 130
292 14
293 13
294 26
295 148
296 133
297 218
298 183
299 136
300 5
301 274
302 5
303 97
304 118
305 152
306 95
307 113
308 245
309 20
310 122
311 76
312 245
313 172
314 126
315 73
316 59
317 120
318 204
319 202
320 311
321 307
322 122
323 26
324 259
325 114
326 219
327 268
328 191
329 22
330 327
331 320
332 64
333 20
334 139
335 303
336 133
337 13
338 274
339 193
340 258
341 255
342 205
343 321
344 339
345 301
346 61
347 240
348 159
349 141
350 164
351 181
352 249
353 124
354 109
355 146
356 300
357 277
358 171
359 358
360 200
361 150
362 159
363 73
364 16
365 65
366 360
367 159
368 115
369 288
370 139
371 296
372 176
373 38
374 151
375 89
376 308
377 295
378 346
379 359
380 258
381 166
382 294
383 130
384 323
385 165
386 31
387 230
388 185
389 156
390 16
391 96
392 52
393 217
394 265
395 7
396 117
397 360
398 90
399 262
400 201
401 301
402 310
403 194
404 51
405 214
406 397
407 242
408 112
409 235
410 200
411 103
412 320
413 286
414 110
415 399
416 170
417 179
418 148
419 416
420 240
421 219
422 132
423 30
424 153
425 227
426 373
427 304
428 413
429 67
430 340
431 135
432 129
433 207
434 85
435 379
436 373
437 7
438 318
439 67
440 205
441 254
442 127
443 150
444 65
445 49
446 237
447 247
448 269
449 76
450 40
451 125
452 249
453 427
454 44
455 74
456 210
457 446
458 102
459 249
460 221
461 257
462 425
463 371
464 104
465 248
466 88
467 111
468 176
469 274
470 456
471 231
472 432
473 179
474 200
475 406
476 437
477 368
478 72
479 343
480 39
481 378
482 161
483 389
484 424
485 52
486 34
487 447
488 104
489 149
490 155
491 297
492 343
493 170
494 335
495 383
496 62
497 249
498 222
499 72
500 438
501 289
502 187
503 371
504 202
505 456
506 251
507 58
508 264
509 297
510 54
511 385
512 158
513 362
514 115
515 389
516 406
517 108
518 206
519 178
520 67
521 6
522 290
523 457
524 202
525 333
526 168
527 387
528 236
529 423
530 358
531 71
532 218
533 358
534 51
535 341
536 219
537 312
538 322
539 308
540 244
541 479
542 326
543 68
544 178
545 357
546 168
547 359
548 224
549 351
550 487
551 407
552 205
553 246
554 304
555 236
556 275
557 391
558 5
559 504
560 287
561 460
562 482
563 534
564 203
565 13
566 255
567 482
568 34
569 459
570 360
571 302
572 234
573 351
574 189
575 269
576 422
577 99
578 489
579 369
580 187
581 151
582 162
583 387
584 486
585 240
586 174
587 229
588 487
589 331
590 81
591 421
592 586
593 441
594 51
595 379
596 60
597 419
598 564
599 118
600 193
601 205
602 525
603 559
604 336
605 156
606 47
607 429
608 435
609 278
610 396
611 408
612 161
613 338
614 131
615 564
616 403
617 345
618 41
619 541
620 251
621 211
622 348
623 517
624 295
625 320
626 484
627 201
628 205
629 318
630 450
631 129
632 536
633 406
634 307
635 606
636 195
637 523
638 118
639 458
640 460
641 235
642 165
643 246
644 552
645 481
646 108
647 169
648 483
649 460
650 301
651 315
652 542
653 621
654 483
655 517
656 79
657 473
658 108
659 305
660 107
661 600
662 576
663 381
664 69
665 22
666 162
667 455
668 211
669 47
670 114
671 164
672 32
673 574
674 225
675 485
676 516
677 381
678 607
679 607
680 418
681 295
682 321
683 238
684 253
685 340
686 88
687 214
688 505
689 668
690 343
691 261
692 98
693 423
694 516
695 191
696 93
697 246
698 412
699 97
700 8
701 409
702 171
703 21
704 114
705 388
706 213
707 486
708 405
709 276
710 80
711 320
712 335
713 413
714 621
715 344
716 45
717 107
718 78
719 496
720 307
721 433
722 134
723 664
724 551
725 223
726 25
727 83
728 580
729 188
730 368
731 692
732 490
733 492
734 454
735 529
736 638
737 235
738 424
739 20
740 503
741 733
742 692
743 440
744 591
745 689
746 85
747 109
748 454
749 676
750 279
751 715
752 286
753 54
754 323
755 593
756 161
757 160
758 619
759 553
760 125
761 318
762 531
763 310
764 176
765 548
766 619
767 253
768 244
769 191
770 157
771 638
772 690
773 168
774 254
775 448
776 604
777 152
778 362
779 461
780 304
781 37
782 188
783 576
784 596
785 351
786 2
787 696
788 733
789 308
790 224
791 244
792 732
793 287
794 561
795 515
796 260
797 395
798 511
799 38
800 562
801 472
802 122
803 709
804 182
805 612
806 393
807 172
808 778
809 578
810 109
811 750
812 645
813 701
814 544
815 190
816 242
817 598
818 769
819 502
820 550
821 293
822 83
823 601
824 460
825 212
826 18
827 487
828 274
829 92
830 609
831 582
832 177
833 756
834 668
835 823
836 578
837 564
838 458
839 704
840 263
841 572
842 783
843 500
844 276
845 33
846 693
847 68
848 394
849 187
850 326
851 466
852 162
853 804
854 9
855 305
856 213
857 576
858 713
859 633
860 846
861 501
862 292
863 703
864 313
865 59
866 599
867 165
868 808
869 825
870 453
871 867
872 317
873 444
874 353
875 208
876 431
877 402
878 339
879 254
880 829
881 178
882 405
883 396
884 229
885 403
886 297
887 209
888 229
889 358
890 187
891 3
892 886
893 697
894 542
895 221
896 534
897 281
898 771
899 392
900 401
901 238
902 281
903 888
904 454
905 172
906 834
907 318
908 587
909 371
910 893
911 190
912 634
913 880
914 143
915 4
916 390
917 744
918 705
919 446
920 154
921 710
922 671
923 216
924 76
925 78
926 648
927 15
928 712
929 402
930 433
931 646
932 790
933 54
934 280
935 423
936 731
937 47
938 292
939 180
940 420
941 820
942 520
943 165
944 624
945 634
946 516
947 205
948 447
949 68
950 757
951 238
952 433
953 467
954 345
955 341
956 914
957 19
958 837
959 8
960 496
961 139
962 678
963 613
964 483
965 33
966 151
967 134
968 585
969 835
970 211
971 487
972 959
973 309
974 11
975 600
976 544
977 865
978 781
979 887
980 939
981 850
982 448
983 907
984 783
985 815
986 905
987 689
988 356
989 224
990 582
991 425
992 967
993 124
994 533
995 439
996 265
997 590
998 162
999 413
1000 188
700 321
